1.5394, 0.932636, 1.44618
1.54226, 0.934715, 1.45094
1.55448, 0.937315, 1.46153
1.54609, 0.918905, 1.47108
1.55064, 0.900284, 1.47255
1.55395, 0.889591, 1.48328
1.55277, 0.877443, 1.50427
1.55227, 0.869367, 1.51216
1.55547, 0.856687, 1.50935
1.55514, 0.850857, 1.51788
1.55576, 0.837939, 1.51034
1.55397, 0.831869, 1.51379
1.55653, 0.826698, 1.5137
1.55866, 0.814087, 1.51086
1.55788, 0.806515, 1.51303
1.5542, 0.792517, 1.49589
1.54799, 0.796631, 1.48941
1.54826, 0.797534, 1.48073
1.54505, 0.809272, 1.44942
1.5246, 0.802662, 1.42912
1.51921, 0.808203, 1.43154
1.51647, 0.811806, 1.42961
1.51301, 0.814117, 1.4374
1.49636, 0.806191, 1.42541
1.48768, 0.797768, 1.42169
1.48025, 0.804268, 1.42116
1.46457, 0.803665, 1.4298
1.45696, 0.794059, 1.42806
1.43138, 0.790068, 1.42448
1.42279, 0.782507, 1.42447
1.40879, 0.775066, 1.42384
1.40395, 0.769407, 1.42014
1.3981, 0.765286, 1.42034
1.3875, 0.758225, 1.42631
1.38161, 0.750036, 1.42775
1.37326, 0.736804, 1.42842
1.35601, 0.72368, 1.43117
1.33724, 0.707124, 1.42468
1.33104, 0.696974, 1.42699
1.32651, 0.684544, 1.43143
1.32115, 0.676017, 1.43097
1.31747, 0.648925, 1.44957
1.3105, 0.61466, 1.45591
1.31123, 0.61236, 1.45006
1.30359, 0.602477, 1.45335
1.30837, 0.58828, 1.44693
1.3145, 0.574771, 1.44042
1.3129, 0.567934, 1.43229
1.31444, 0.560411, 1.41732
1.3182, 0.533141, 1.41658
1.3172, 0.520538, 1.40889
1.31838, 0.503127, 1.39612
1.31702, 0.485769, 1.38764
1.31141, 0.472571, 1.38688
1.30605, 0.458212, 1.37982
1.30587, 0.44345, 1.36769
1.30086, 0.428222, 1.35938
1.29136, 0.417907, 1.35525
1.28605, 0.39904, 1.35025
1.28083, 0.377014, 1.34239
1.27752, 0.355739, 1.33615
1.27099, 0.315605, 1.32164
1.26432, 0.295968, 1.31417
1.25724, 0.272998, 1.30418
1.24516, 0.25657, 1.3037
1.23271, 0.219535, 1.29787
1.21124, 0.208721, 1.30685
1.19783, 0.191654, 1.30248
1.18624, 0.167303, 1.29945
1.17267, 0.144331, 1.3001
1.15836, 0.125979, 1.30027
1.14548, 0.112808, 1.307
1.12116, 0.0789743, 1.30701
1.10925, 0.0651897, 1.30529
1.09504, 0.0528775, 1.30289
1.08133, 0.0435289, 1.30291
1.07111, 0.0373297, 1.30131
1.05676, 0.0341841, 1.30597
1.03483, 0.0371267, 1.31602
1.02002, 0.019497, 1.31093
0.998774, 0.00962692, 1.31097
0.963779, -0.00544018, 1.31201
0.94851, -0.0160028, 1.31196
0.926405, -0.0249992, 1.31817
0.906228, -0.0344052, 1.3252
0.887446, -0.0436983, 1.33684
0.868978, -0.0479947, 1.34674
0.852625, -0.0589553, 1.35813
0.834615, -0.0661558, 1.37774
0.821313, -0.0677751, 1.39146
0.804752, -0.075937, 1.41
0.792157, -0.0882643, 1.42324
0.777573, -0.103325, 1.43975
0.76803, -0.117198, 1.45179
0.753077, -0.130649, 1.46631
0.737718, -0.133551, 1.48543
0.724543, -0.143865, 1.50173
0.713696, -0.153835, 1.51613
0.708227, -0.159142, 1.53808
0.698965, -0.15904, 1.56024
0.692052, -0.159773, 1.58747
0.689408, -0.179252, 1.61067
0.686946, -0.18852, 1.63034
0.679496, -0.199228, 1.64642
0.669386, -0.239098, 1.68582
0.650985, -0.256257, 1.70455
0.632099, -0.285877, 1.7039
0.624339, -0.319333, 1.70386
0.586886, -0.323985, 1.69219
0.520332, -0.347336, 1.69812
0.494562, -0.36279, 1.68037
0.430055, -0.379441, 1.67095
0.403419, -0.395, 1.66684
0.355435, -0.382762, 1.65882
0.315296, -0.389151, 1.64493
0.250649, -0.39257, 1.61587
0.236165, -0.377064, 1.60522
0.192913, -0.361864, 1.56667
0.178827, -0.358549, 1.57035
0.136978, -0.351724, 1.54758
0.110923, -0.337468, 1.54688
0.0836129, -0.339407, 1.53328
0.0575898, -0.328539, 1.5292
0.0345351, -0.318648, 1.52336
0.00703716, -0.319293, 1.51227
-0.0136691, -0.311533, 1.50949
-0.0392066, -0.302575, 1.5078
-0.0645505, -0.302391, 1.50194
-0.0861719, -0.295031, 1.49792
-0.109408, -0.29186, 1.49432
-0.164131, -0.300096, 1.48293
-0.186007, -0.302292, 1.47199
-0.203642, -0.297435, 1.46856
-0.226675, -0.302849, 1.45676
-0.237457, -0.293804, 1.44892
-0.286283, -0.298727, 1.43559
-0.304553, -0.298403, 1.42439
-0.324554, -0.295778, 1.41811
-0.341426, -0.292709, 1.4054
-0.364109, -0.293509, 1.39641
-0.382324, -0.289681, 1.38659
-0.400681, -0.282336, 1.38475
-0.421086, -0.28244, 1.36995
-0.445627, -0.277857, 1.36724
-0.474326, -0.279938, 1.37335
-0.490274, -0.270546, 1.36466
-0.50911, -0.262367, 1.35228
-0.510475, -0.241653, 1.32761
-0.528595, -0.235192, 1.32254
-0.54673, -0.218422, 1.32648
-0.567872, -0.211235, 1.32748
-0.577137, -0.194243, 1.32106
-0.602773, -0.182654, 1.3265
-0.611884, -0.169752, 1.31162
-0.648734, -0.148469, 1.32767
-0.653858, -0.13242, 1.32311
-0.662147, -0.115263, 1.32118
-0.664302, -0.101366, 1.3125
-0.672542, -0.0901511, 1.30766
-0.677286, -0.0788388, 1.30541
-0.682667, -0.0655885, 1.3097
-0.680815, -0.0479048, 1.30667
-0.67952, -0.0350379, 1.30289
-0.679078, -0.0248924, 1.29997
-0.683156, -0.0138112, 1.29871
-0.691758, -0.00724268, 1.29922
-0.690945, 0.00354224, 1.29654
-0.680057, 0.0126413, 1.29672
-0.688651, 0.0223956, 1.30917
-0.697218, 0.025605, 1.31547
-0.689364, 0.0326163, 1.32337
-0.691988, 0.0367415, 1.33839
-0.690884, 0.0382152, 1.35148
-0.694523, 0.0394873, 1.36735
-0.700921, 0.0423087, 1.38454
-0.711243, 0.0476391, 1.39946
-0.718443, 0.0543813, 1.42362
-0.726686, 0.0529529, 1.43029
-0.739464, 0.0542626, 1.44207
-0.742723, 0.0574464, 1.45623
-0.751856, 0.0529859, 1.45823
-0.753351, 0.0455112, 1.46415
-0.769301, 0.0569277, 1.47559
-0.777692, 0.0495422, 1.47051
-0.777363, 0.0472202, 1.47691
-0.777862, 0.0465598, 1.48522
-0.80059, 0.0626443, 1.48523
-0.81068, 0.0862665, 1.49852
-0.823679, 0.136395, 1.50741
-0.848006, 0.160154, 1.49575
-0.852323, 0.188375, 1.52637
-0.863158, 0.151348, 1.54306
-0.868951, 0.163012, 1.54869
-0.881825, 0.181946, 1.53918
-0.893637, 0.198485, 1.52492
-0.898029, 0.209347, 1.54775
-0.884379, 0.224236, 1.54694
-0.89333, 0.231144, 1.54654
-0.901944, 0.242125, 1.55199
-0.899959, 0.253463, 1.55609
-0.930829, 0.265664, 1.56783
-0.934251, 0.277114, 1.57437
-0.927997, 0.28351, 1.57232
-0.919518, 0.290461, 1.58003
-0.910954, 0.299276, 1.58137
-0.906829, 0.308267, 1.57473
-0.90384, 0.31925, 1.59143
-0.914815, 0.318743, 1.59444
-0.922688, 0.324158, 1.59196
-0.916358, 0.32535, 1.59951
-0.914127, 0.332403, 1.60455
-0.920055, 0.336939, 1.59798
-0.920419, 0.343968, 1.59065
-0.908617, 0.342873, 1.5864
-0.902623, 0.347111, 1.58366
-0.903604, 0.349575, 1.5787
-0.895648, 0.351181, 1.57379
-0.900246, 0.353873, 1.57416
-0.895821, 0.357003, 1.57259
-0.894184, 0.35514, 1.57733
-0.884249, 0.352752, 1.55112
-0.865728, 0.353964, 1.55048
-0.867872, 0.356319, 1.5644
-0.894391, 0.352481, 1.57581
-0.90512, 0.350566, 1.57022
-0.909139, 0.341323, 1.55619
-0.903377, 0.343149, 1.56346
-0.915818, 0.340398, 1.55893
-0.91811, 0.336838, 1.56644
-0.927694, 0.340636, 1.55134
-0.924391, 0.333744, 1.56545
-0.930584, 0.330828, 1.57695
-0.929092, 0.330208, 1.56685
-0.935516, 0.323258, 1.58795
-0.916523, 0.317755, 1.57687
-0.92575, 0.316304, 1.5831
-0.925446, 0.319356, 1.59224
-0.936944, 0.33315, 1.61171
-0.939212, 0.333037, 1.61507
-0.93139, 0.330465, 1.60952
-0.930058, 0.317096, 1.58447
-0.930083, 0.314827, 1.57938
-0.932617, 0.316504, 1.59655
-0.94839, 0.301976, 1.56821
-0.93934, 0.297723, 1.54622
-0.935277, 0.298775, 1.5594
-0.932514, 0.291264, 1.53719
-0.921638, 0.292044, 1.53633
-0.925712, 0.294482, 1.54724
-0.916642, 0.284647, 1.53244
-0.894227, 0.282037, 1.52859
-0.884318, 0.274571, 1.51122
-0.892507, 0.2751, 1.49997
-0.863899, 0.251254, 1.48445
-0.857198, 0.249087, 1.47733
-0.851274, 0.242096, 1.46685
-0.849144, 0.23453, 1.46407
-0.831109, 0.232135, 1.4522
-0.825851, 0.223377, 1.45112
-0.817629, 0.211746, 1.44813
-0.813141, 0.2091, 1.43518
-0.800357, 0.20447, 1.42882
-0.810021, 0.193841, 1.43566
-0.80293, 0.183496, 1.42814
-0.803512, 0.177377, 1.42895
-0.794224, 0.171347, 1.42261
-0.792475, 0.162387, 1.41598
-0.789179, 0.154771, 1.42249
-0.79241, 0.152221, 1.42137
-0.798045, 0.145617, 1.42581
-0.794678, 0.137936, 1.42218
-0.79455, 0.131657, 1.4211
-0.791515, 0.123685, 1.41691
-0.802596, 0.116849, 1.4072
-0.799736, 0.108153, 1.40207
-0.79585, 0.0992903, 1.39125
-0.79366, 0.0879752, 1.39383
-0.80239, 0.0805884, 1.39089
-0.803229, 0.0710355, 1.38398
-0.799719, 0.059411, 1.38153
-0.798139, 0.0458217, 1.37633
-0.790133, 0.0297174, 1.3698
-0.784419, 0.015772, 1.37415
-0.783854, -0.00108671, 1.36861
-0.777516, -0.0193986, 1.36773
-0.769615, -0.0358292, 1.36962
-0.761141, -0.053581, 1.3642
-0.749774, -0.0722026, 1.36634
-0.740571, -0.0915655, 1.37379
-0.729456, -0.10824, 1.37958
-0.720289, -0.127136, 1.38643
-0.705968, -0.145667, 1.38484
-0.690623, -0.162541, 1.3855
-0.680863, -0.1793, 1.39478
-0.666612, -0.197017, 1.39839
-0.660952, -0.213404, 1.40254
-0.65149, -0.227787, 1.40511
-0.635539, -0.244939, 1.41689
-0.622695, -0.262309, 1.4155
-0.607113, -0.277317, 1.41919
-0.59296, -0.286037, 1.43126
-0.581128, -0.295697, 1.43735
-0.569953, -0.303049, 1.44591
-0.543483, -0.313966, 1.45247
-0.522154, -0.323879, 1.45689
-0.505852, -0.333463, 1.46421
-0.489266, -0.340302, 1.47193
-0.471464, -0.348933, 1.47947
-0.457296, -0.353194, 1.48232
-0.434589, -0.359931, 1.48246
-0.413328, -0.369013, 1.48091
-0.39381, -0.377892, 1.48231
-0.369995, -0.379113, 1.48783
-0.344096, -0.386239, 1.4856
-0.321545, -0.391431, 1.48902
-0.295206, -0.387487, 1.4987
-0.27922, -0.389347, 1.505
-0.252797, -0.392427, 1.50787
-0.217407, -0.383301, 1.52267
-0.186077, -0.379934, 1.52927
-0.172638, -0.384139, 1.5325
-0.15868, -0.390046, 1.54562
-0.13881, -0.391658, 1.56263
-0.126566, -0.398189, 1.56439
-0.102041, -0.401752, 1.56965
-0.0787765, -0.403392, 1.5684
-0.0650541, -0.405522, 1.57632
-0.0380558, -0.414325, 1.57189
-0.0252229, -0.42988, 1.56068
0.0021739, -0.439451, 1.56153
0.0165466, -0.456292, 1.55161
0.0370612, -0.475776, 1.54853
0.0792239, -0.459186, 1.54989
0.0937206, -0.483961, 1.54391
0.104746, -0.512957, 1.50435
0.129221, -0.519216, 1.49488
0.163898, -0.515633, 1.48629
0.205352, -0.531835, 1.48537
0.236862, -0.529953, 1.48106
0.265126, -0.529496, 1.47822
0.289546, -0.536109, 1.46721
0.319418, -0.537811, 1.46415
0.350665, -0.53695, 1.46214
0.378967, -0.536109, 1.45652
0.406373, -0.535869, 1.4548
0.436444, -0.533689, 1.44764
0.466898, -0.535399, 1.44032
0.491728, -0.528089, 1.43455
0.520895, -0.522549, 1.42632
0.547521, -0.520209, 1.41922
0.571709, -0.512552, 1.41564
0.606221, -0.502033, 1.4003
0.629522, -0.500044, 1.39569
0.663099, -0.475556, 1.39726
0.692706, -0.466751, 1.39149
0.727164, -0.457729, 1.38481
0.741669, -0.448275, 1.38527
0.769713, -0.432009, 1.38445
0.792266, -0.421199, 1.38479
0.818522, -0.417734, 1.38253
0.849533, -0.410862, 1.37758
0.872689, -0.391687, 1.37655
0.895708, -0.3836, 1.3789
0.916909, -0.369475, 1.37926
0.935442, -0.352448, 1.38763
0.953004, -0.338582, 1.39528
0.973261, -0.323713, 1.39432
0.988245, -0.302155, 1.39721
1.00742, -0.284192, 1.39983
1.02533, -0.267529, 1.3971
1.04462, -0.253766, 1.39015
1.06666, -0.237395, 1.38193
1.08618, -0.218146, 1.37419
1.10756, -0.199919, 1.37252
1.12469, -0.182089, 1.36459
1.13794, -0.158928, 1.35985
1.15101, -0.13727, 1.35928
1.16721, -0.124283, 1.36026
1.16693, -0.0983965, 1.39117
1.17372, -0.0785032, 1.40062
1.18303, -0.0568258, 1.40768
1.20194, -0.0470174, 1.4109
1.20184, -0.0267821, 1.42746
1.23256, -0.0167838, 1.41869
1.24714, 0.0112148, 1.42543
1.25296, 0.00926167, 1.42873
1.2712, 0.0183538, 1.43329
1.28195, 0.0508863, 1.4495
1.29432, 0.0381499, 1.44348
1.31378, 0.0571788, 1.44537
1.32747, 0.0772509, 1.45471
1.34601, 0.0734241, 1.45526
1.36332, 0.0835724, 1.45536
1.37546, 0.101949, 1.4624
1.39459, 0.102505, 1.46154
1.41673, 0.110434, 1.46176
1.42887, 0.117017, 1.46953
1.46228, 0.136658, 1.46862
1.46738, 0.134815, 1.4722
1.47974, 0.141303, 1.47675
1.49155, 0.15059, 1.46757
1.50085, 0.147329, 1.47166
1.50139, 0.139806, 1.47817
1.50609, 0.142819, 1.47867
1.51143, 0.142786, 1.48372
1.5128, 0.14834, 1.48433
1.51679, 0.150194, 1.48426
1.52401, 0.157197, 1.48594
1.5188, 0.153903, 1.48672
1.51131, 0.148976, 1.48698
1.51258, 0.154917, 1.48462
1.50962, 0.157429, 1.48195
1.50766, 0.155098, 1.48692
1.50696, 0.157241, 1.48928
1.50321, 0.160795, 1.48747
1.49914, 0.164348, 1.48635
1.49704, 0.17261, 1.48588
1.49149, 0.167367, 1.48629
1.48641, 0.172845, 1.47492
1.48298, 0.175447, 1.4731
1.47783, 0.177928, 1.47119
1.47168, 0.18277, 1.47447
1.46729, 0.186357, 1.47386
1.44887, 0.180076, 1.45297
1.44505, 0.186233, 1.45314
1.43724, 0.181396, 1.45183
1.43972, 0.188091, 1.44901
1.45295, 0.200129, 1.46484
1.43531, 0.19867, 1.47066
1.42532, 0.199451, 1.47285
1.41491, 0.190288, 1.46705
1.40858, 0.194727, 1.47202
1.399, 0.196087, 1.47778
1.39471, 0.196021, 1.4765
1.39187, 0.203077, 1.48092
1.39025, 0.21467, 1.47991
1.38496, 0.216227, 1.47184
1.37729, 0.219716, 1.47001
1.37258, 0.226781, 1.47021
1.36572, 0.222879, 1.45723
1.35834, 0.235148, 1.45879
1.36951, 0.251507, 1.45406
1.36961, 0.266262, 1.44917
1.36237, 0.277817, 1.44575
1.35992, 0.280438, 1.44125
1.35629, 0.295232, 1.43648
1.35032, 0.307393, 1.43549
1.34596, 0.319232, 1.43416
1.34818, 0.337273, 1.43262
1.34457, 0.359019, 1.43368
1.34164, 0.377974, 1.4334
1.34572, 0.389484, 1.43011
1.34216, 0.41191, 1.43153
1.34253, 0.433035, 1.4316
1.34649, 0.451275, 1.428
1.34623, 0.470678, 1.42413
1.34213, 0.485932, 1.42437
1.34439, 0.504548, 1.42183
1.34531, 0.523638, 1.41491
1.34072, 0.544365, 1.41366
1.33964, 0.55883, 1.40672
1.33168, 0.576865, 1.40671
1.32882, 0.590737, 1.40205
1.32691, 0.612007, 1.40012
1.32077, 0.631325, 1.39792
1.3222, 0.648438, 1.38829
1.31769, 0.671169, 1.38478
1.31577, 0.6926, 1.37788
1.30825, 0.710084, 1.37811
1.30376, 0.728544, 1.37509
1.30252, 0.745969, 1.37235
1.29636, 0.764041, 1.37363
1.2955, 0.774983, 1.37441
1.29627, 0.785898, 1.37422
1.29267, 0.795517, 1.37561
1.2953, 0.798841, 1.38049
1.29493, 0.80313, 1.38038
1.29536, 0.801432, 1.38407
1.2954, 0.798538, 1.39032
1.29636, 0.795829, 1.39265
1.29704, 0.788427, 1.40309
1.30089, 0.776666, 1.40801
1.30373, 0.768328, 1.41519
1.29613, 0.76699, 1.4301
1.30252, 0.749211, 1.43938
1.30235, 0.741287, 1.45519
1.30075, 0.726655, 1.47097
1.30994, 0.713202, 1.48148
1.31464, 0.704593, 1.49336
1.31652, 0.694573, 1.51344
1.32303, 0.681892, 1.53
1.32597, 0.67124, 1.55112
1.33344, 0.657184, 1.56452
1.33671, 0.651711, 1.58159
1.3466, 0.634109, 1.59591
1.35869, 0.619097, 1.61371
1.35266, 0.593549, 1.63431
1.35904, 0.565378, 1.65154
1.36647, 0.548045, 1.66062
1.3725, 0.523948, 1.6701
1.37626, 0.499357, 1.68466
1.37915, 0.474776, 1.69476
1.37928, 0.44514, 1.70692
1.38014, 0.409773, 1.71114
1.39111, 0.380562, 1.70545
1.38502, 0.348506, 1.70803
1.37198, 0.317885, 1.7208
1.36571, 0.282853, 1.7163
1.35186, 0.253313, 1.72705
1.34162, 0.232582, 1.72819
1.33028, 0.206157, 1.73
1.33588, 0.183913, 1.7117
1.324, 0.158326, 1.70893
1.30592, 0.147691, 1.71373
1.30277, 0.125783, 1.70541
1.28493, 0.120595, 1.7009
1.27081, 0.111113, 1.70253
1.2644, 0.0954997, 1.69391
1.25929, 0.073222, 1.677
1.24224, 0.0633736, 1.67392
1.23102, 0.0528814, 1.66881
1.21819, 0.0432313, 1.66822
1.20032, 0.0276663, 1.66052
1.18277, 0.026098, 1.66114
1.15996, 0.0176073, 1.66308
1.14345, 0.012328, 1.66297
1.13348, 0.00342709, 1.65872
1.12162, -0.00217348, 1.6577
1.11459, -0.0041334, 1.65807
1.10013, -0.00879747, 1.65634
1.07864, -0.0118446, 1.65949
1.06798, -0.0245141, 1.65459
1.05616, -0.0309522, 1.64911
1.04226, -0.0293469, 1.65132
1.02451, -0.0312521, 1.65189
1.00436, -0.0388111, 1.65193
0.993324, -0.0424866, 1.65807
0.971809, -0.0349538, 1.67007
0.964894, -0.0479416, 1.66013
0.951854, -0.0438903, 1.66797
0.939441, -0.0512276, 1.66873
0.924491, -0.0627475, 1.66601
0.909619, -0.0626461, 1.66108
0.897603, -0.0564983, 1.66422
0.894599, -0.0656978, 1.65043
0.8906, -0.0821967, 1.6364
0.87748, -0.0913686, 1.62958
0.869324, -0.0979392, 1.61435
0.868682, -0.0997429, 1.59033
0.863315, -0.102222, 1.57968
0.851736, -0.108277, 1.56851
0.854821, -0.112964, 1.55429
0.848555, -0.114754, 1.54236
0.84525, -0.131296, 1.52722
0.848299, -0.128366, 1.50787
0.850261, -0.130507, 1.49319
0.854992, -0.135093, 1.47935
0.856884, -0.140514, 1.46729
0.852904, -0.139196, 1.46179
0.858434, -0.13869, 1.45154
0.858135, -0.136169, 1.44543
0.864148, -0.143692, 1.42817
0.870626, -0.142818, 1.4156
0.866404, -0.144214, 1.40831
0.868658, -0.147263, 1.39452
0.875545, -0.145351, 1.38422
0.871396, -0.146439, 1.37273
0.883087, -0.151897, 1.35438
0.882617, -0.147848, 1.34612
0.887904, -0.152588, 1.33037
0.890438, -0.155868, 1.32017
0.891438, -0.157688, 1.30788
0.895554, -0.159698, 1.2944
0.895121, -0.157966, 1.28446
0.898745, -0.156662, 1.27575
0.899174, -0.157775, 1.26454
0.895517, -0.156651, 1.25522
0.896262, -0.153853, 1.24825
0.89626, -0.152952, 1.24211
0.895539, -0.148068, 1.23901
0.8941, -0.143624, 1.23658
0.892664, -0.146431, 1.23017
0.890526, -0.145338, 1.22748
0.888179, -0.14209, 1.22702
0.89235, -0.14128, 1.22167
0.890904, -0.136875, 1.22337
0.890229, -0.134912, 1.22489
0.889569, -0.136142, 1.22452
0.889174, -0.138279, 1.22466
0.88839, -0.137085, 1.22798
0.889117, -0.134933, 1.23357
0.890341, -0.137603, 1.2335
0.890512, -0.137281, 1.23698
0.891014, -0.140258, 1.23739
0.890114, -0.140042, 1.24097
0.891637, -0.139688, 1.24234
0.893496, -0.138393, 1.24456
0.893397, -0.139054, 1.24547
0.894584, -0.13989, 1.24443
0.893446, -0.136625, 1.24771
0.893556, -0.136708, 1.24681
0.893028, -0.138472, 1.24465
0.893134, -0.1332, 1.24713
0.896077, -0.136496, 1.24225
0.896106, -0.13186, 1.24384
0.896383, -0.129226, 1.24475
0.896405, -0.131859, 1.24197
0.89542, -0.129311, 1.2448
0.897077, -0.129828, 1.24306
0.897442, -0.131433, 1.24097
0.898473, -0.127702, 1.243
0.898996, -0.12824, 1.24317
